----------------------- Page 1-----------------------

                                                                                              ORARIO FERIALE 

                                                 ORARIO Trento Estate 2012        Valido dal 10/06/2012 al 11/09/2012

   FV            Funivia Trento - Sardagna 

Frequenza Linea                                            fvb                                       fvb                                                                                                                                                                                            fvb                               fvb                                                     fvb                                                                                     fvb                                                    fvb                                                               fvb                                                    fvb                                         fvb
Trento S.Lorenzo "Funivia"                       6.35       7.00       7.15      7.30      7.25       7.45      8.00      8.15      8.30      8.45      9.00      9.30      10.00      10.30      11.00      11.30      11.45      12.00      12.15      12.30      12.45      13.00      13.00       13.15      13.30      13.40       13.45      14.00      14.15      14.30      14.30      15.00      15.30      16.00      16.30      17.00      17.15      17.30      17.30      17.45      18.00      18.15      18.30      18.30      18.45      19.00      19.15      19.30      19.45      19.45      20.00      20.15      20.30      21.00      21.00      21.30      22.00      22.30      22.30
Sardagna "Funivia"                               6.50       7.04       7.19      7.34      7.40       7.49      8.04      8.19      8.34      8.49      9.04      9.34      10.04      10.34      11.04      11.34      11.49      12.04      12.19      12.34      12.49      13.04      13.15       13.19      13.34      13.55       13.49      14.04      14.19      14.34      14.45      15.04      15.34      16.04      16.34      17.04      17.19      17.34      17.45      17.49      18.04      18.19      18.34      18.45      18.49      19.04      19.19      19.34      19.49      20.00      20.04      20.19      20.34      21.04      21.15      21.34      22.04      22.34      22.45

                                             Note di Corsa 
                                               fvb   Servizio effettuato con pullman sostitutivo (in caso di forte vento)

www.eureka.ra.it                                                                                                      Pag. 1
